MSE_main=0.8656423063328207
MSE_recent=0.7621415544412266
Mean_main=4.07263711345344
STD_main=0.7472301950528196
Mean_recent=3.7578181455732476
STD_recent=0.7522814975239933
t-stat=59.47824531706507
p-val=0.0